5.592678822385958037e-01 9.875329077800787392e-02 9.100710593227647749e-01 2.078552247877656634e-01
2.292454890196246042e-01 5.001745297783036226e-02 3.847541684088883751e-01 9.090114255585106384e-02
1.619952236194987794e-01 2.851520107044902552e-02 2.617540709945333499e-01 4.669519132327439037e-02
1.374506645676843719e-01 2.056633564566122743e-02 2.106826891411639202e-01 3.424003794337913270e-02
1.266337264269481733e-01 1.910005375920402829e-02 1.918239820539118790e-01 2.448281349699932274e-02
8.267988217487753921e-02 9.547289768411631669e-03 1.260905058829812353e-01 1.477120249883557071e-02
7.188495588032541017e-02 6.774426216524930856e-03 1.080684700338313958e-01 8.326094329559321702e-03
6.306327745649580041e-02 4.287582017272942476e-03 9.281452764747238904e-02 6.199918489842131709e-03
5.841165633853529632e-02 5.112823910186441688e-03 8.462618330398914701e-02 8.364100266822481825e-03
6.185254407029014412e-02 9.274678043093122562e-03 8.580329767240960082e-02 1.258848439141102733e-02
4.989734654771852546e-02 2.985916134118546915e-03 7.061142921863788890e-02 4.289130856685382728e-03
4.853315314753802595e-02 4.810411592858172825e-03 6.827182238317711094e-02 6.921346142377102391e-03
4.482873912048410125e-02 5.672460246334661699e-03 6.382795806504638902e-02 6.375529864715889609e-03
4.123739630224952657e-02 3.023748435582949198e-03 5.933379421678540433e-02 3.798668141032232604e-03
3.915108629147671243e-02 3.399122484140970017e-03 5.662203007665823212e-02 4.384932680472187518e-03
3.802696638379558791e-02 3.724601495665680068e-03 5.481729100600914173e-02 5.061166802558066634e-03
3.992940798267875097e-02 4.442816694121852483e-03 5.646661633761656390e-02 5.393652712102828609e-03
3.459664135892397130e-02 3.057333207543805678e-03 5.018819061252702274e-02 4.765541183925680983e-03
3.375109171301857169e-02 2.561807930672391296e-03 4.790316118152807001e-02 3.485309411704749956e-03
3.232158886224426736e-02 3.004742049731364776e-03 4.706389723433044431e-02 3.951504792946541542e-03
3.079485077136849200e-02 2.128651985728146744e-03 4.402413271821357249e-02 3.045993621039110640e-03
4.700388197667374618e-02 1.246123988176510607e-02 6.434155464520974199e-02 1.697895283738868125e-02
3.002827542736612176e-02 4.028281865666494092e-03 4.321044324264849967e-02 5.205164760672402642e-03
2.923459322978191541e-02 2.729841232867267348e-03 4.138816166648571354e-02 3.574561386265606277e-03
