2.362703476768579502e-01 0.000000000000000000e+00 5.088279161945470364e-01 0.000000000000000000e+00
2.391765075242057725e-01 0.000000000000000000e+00 5.387387219375702196e-01 0.000000000000000000e+00
2.446875542739125053e-01 0.000000000000000000e+00 5.614604535057008405e-01 0.000000000000000000e+00
2.548035317252828058e-01 0.000000000000000000e+00 5.628178263304457474e-01 0.000000000000000000e+00
2.574721570221089051e-01 0.000000000000000000e+00 5.787904350943808840e-01 0.000000000000000000e+00
2.623121987171284086e-01 0.000000000000000000e+00 5.669672176566529220e-01 0.000000000000000000e+00
2.678727197940280469e-01 0.000000000000000000e+00 5.693443638999510226e-01 0.000000000000000000e+00
2.699628840289370335e-01 0.000000000000000000e+00 5.789078682371804341e-01 0.000000000000000000e+00
2.730265599068452120e-01 0.000000000000000000e+00 5.808284081475377780e-01 0.000000000000000000e+00
2.741116884449458224e-01 0.000000000000000000e+00 5.824090338826477531e-01 0.000000000000000000e+00
2.722560852715023572e-01 0.000000000000000000e+00 5.861088895742998517e-01 0.000000000000000000e+00
2.737828826020010098e-01 0.000000000000000000e+00 5.868931743231328158e-01 0.000000000000000000e+00
2.745086015187427897e-01 0.000000000000000000e+00 5.907529418025332379e-01 0.000000000000000000e+00
2.755296497450270277e-01 0.000000000000000000e+00 5.898390251360217107e-01 0.000000000000000000e+00
2.746104379574360599e-01 0.000000000000000000e+00 5.866555976966993935e-01 0.000000000000000000e+00
2.746066461511999512e-01 0.000000000000000000e+00 5.902878769762469613e-01 0.000000000000000000e+00
2.747892197497816547e-01 0.000000000000000000e+00 5.928037628635663969e-01 0.000000000000000000e+00
2.747112296768188799e-01 0.000000000000000000e+00 5.934317859032816056e-01 0.000000000000000000e+00
2.749624789133208180e-01 0.000000000000000000e+00 5.943387101101085257e-01 0.000000000000000000e+00
2.750813973018501613e-01 0.000000000000000000e+00 5.988544722724903346e-01 0.000000000000000000e+00
2.743547705953908178e-01 0.000000000000000000e+00 6.011700853051468174e-01 0.000000000000000000e+00
2.740249040833871996e-01 0.000000000000000000e+00 6.019076010370029151e-01 0.000000000000000000e+00
2.744702044893405080e-01 0.000000000000000000e+00 6.026673977330414544e-01 0.000000000000000000e+00
2.756575127276374992e-01 0.000000000000000000e+00 6.040560509988117666e-01 0.000000000000000000e+00
