3.207914236741952196e-01 1.739420378404767931e-01 3.476042229565460828e-01 1.015924705944813849e-01
1.628679928992081694e-01 3.123042141338659705e-02 2.378444223359779119e-01 5.477425474144910489e-02
1.741049253894839666e-01 5.201350800052869511e-02 2.469264492775385955e-01 4.295686066473115849e-02
1.649524414772484682e-01 2.956348192926860907e-02 2.460143697414989283e-01 3.421204546018953574e-02
1.601467870365382851e-01 1.297139687167657082e-02 2.429797705398158980e-01 3.046091312223715708e-02
1.558261493542567877e-01 1.324488511563889220e-02 2.396276508276471984e-01 1.903357905368152289e-02
1.552770846560794782e-01 1.215026362504397286e-02 2.324567519349217681e-01 1.650095320001556884e-02
1.480301031746080187e-01 1.033975437062406577e-02 2.366073496811727239e-01 1.582522398342321723e-02
1.469346465682054848e-01 7.626247059188790214e-03 2.383811297900111092e-01 1.574275976225177759e-02
1.464761397535142284e-01 8.861328052648808837e-03 2.368566985355410603e-01 1.216932901559868510e-02
1.431923965961921785e-01 6.696058728998368140e-03 2.303351092355468144e-01 1.450906448638814884e-02
1.384401930572906614e-01 7.350203475613126605e-03 2.266508527310033827e-01 1.136822596694304216e-02
1.371241548391009812e-01 6.877829911676076879e-03 2.214636808330209261e-01 1.165582499310732247e-02
1.360694531872778945e-01 6.491092594722107020e-03 2.206245300395228703e-01 1.106512797744446837e-02
1.337453581608799291e-01 6.362754370488329231e-03 2.160245690289128162e-01 1.022328320519700837e-02
1.334738093411151627e-01 5.615341750261885860e-03 2.163753037578828031e-01 1.170861339330837164e-02
1.315257119670335539e-01 6.789492234076278596e-03 2.143148593067450147e-01 8.685050152281841365e-03
1.298023027114473260e-01 3.695944700130661398e-03 2.113963460663893235e-01 9.035820292591688688e-03
1.309184900879992453e-01 4.971900747068075388e-03 2.113104937921012616e-01 9.034822154912022091e-03
1.294433791982139148e-01 3.671724890488933368e-03 2.098069092706165428e-01 6.414972728122692903e-03
1.290996642082693213e-01 5.127377955930288722e-03 2.075639278727124670e-01 6.712652016834921853e-03
1.282563528723693336e-01 5.328464555320944381e-03 2.063413116511823298e-01 7.420655887898757949e-03
1.279593065472493518e-01 3.806569413671202860e-03 2.058542678891508437e-01 8.347927113082888317e-03
1.272301846011117121e-01 3.170524847866555262e-03 2.051778085540157948e-01 5.595108629985674417e-03
