2.291022324586635406e-01 7.955503674797399782e-02 4.700989839139876336e-01 1.332418685274290304e-01
1.541588442652938873e-01 3.535700968019919038e-02 2.935778663340342098e-01 1.108448501184067791e-01
1.630590322458907171e-01 3.467444188398631499e-02 2.834241644277558647e-01 7.638124252512250301e-02
1.396881050086007658e-01 2.504227681440329700e-02 2.358819560387868108e-01 4.964070576824970021e-02
1.289263865672408971e-01 1.737003813610401085e-02 2.118992809042035685e-01 3.265353751642151997e-02
9.500198538096842060e-02 1.544714633548724750e-02 1.581478614535005434e-01 2.291432388785776680e-02
8.233823189913799800e-02 1.052528173088146217e-02 1.313099641444512300e-01 1.527860372993863902e-02
7.159095644644569711e-02 7.305216047706139179e-03 1.112495072615216629e-01 1.289942274130186604e-02
6.626643672485976744e-02 5.926860002624856003e-03 9.898311912511813249e-02 1.141258052197752920e-02
6.622170498060497845e-02 7.481790846469151164e-03 9.661886250257550879e-02 1.498941286575402286e-02
5.676054623453929276e-02 6.539184143616870101e-03 8.106782134704074161e-02 8.021970086146511594e-03
5.267662896047775600e-02 4.446660337928514881e-03 7.584496732317716483e-02 5.014862629759571887e-03
5.046664284633220476e-02 5.750293582583479793e-03 7.379423409937085898e-02 8.341539745463363159e-03
4.714067167082678506e-02 3.605869874742078512e-03 6.760779558465362937e-02 5.868167720736647101e-03
4.510382785582654763e-02 3.888275458654309909e-03 6.553561172881866570e-02 5.946363522848442142e-03
4.291558913556789423e-02 2.944505906476274290e-03 6.225195210811924895e-02 4.389487138782187207e-03
4.239028911902078395e-02 4.059989699040400177e-03 6.026255504869366258e-02 4.149598877421886885e-03
3.862991821017577876e-02 2.611406082691283218e-03 5.588280909105002719e-02 4.754544862968366342e-03
3.762712170069235779e-02 2.264452960174533763e-03 5.370975931736351322e-02 2.948618365564631590e-03
3.576897571338057830e-02 2.185824776028231966e-03 5.138343696874125149e-02 2.958095606283565448e-03
3.535045094986750958e-02 2.564289668471623953e-03 5.010216021949703141e-02 3.201419811168716018e-03
4.328527126379298068e-02 7.094085730739974581e-03 5.913422213558113677e-02 9.586137801998224559e-03
3.256390091611800763e-02 2.005011102467370212e-03 4.654058085777509207e-02 2.661487076625198515e-03
3.205858786614397549e-02 2.297305492331142788e-03 4.532270700173546274e-02 2.894929990906641541e-03
